35,4
35,1
35,3
36,1
36,3
32,5
32,1
32,3
26,4
26,1
26,3
25,4
25,1
25,3
14,5
34,4
34,5
34,3
3,2
3,1
3,3
10,223
10,69
10,195
10,121
10,239
10,81
10,155
10,1
10,125
10,2
10,3
11,14
11,30
11,23
11,15
11,7
11,1
11,26
11,2
11,3
9,5
9,1
9,7
9,2
9,3
8,17
8,12
8,10
8,18
8,5
8,1
8,15
8,2
8,3
0,318
12,2
12,1
12,3
20,2
20,1
20,3
19,2
19,1
19,3
18,1
18,3
14,1
14,4
14,3
13,1
13,3
34,36
34,35
34,34
34,33
34,32
34,31
34,30
34,29
34,28
34,27
34,26
34,25
34,24
34,23
34,22
34,21
34,20
34,19
34,18
34,17
34,16
34,15
34,14
34,13
34,12
34,11
34,10
2,2
2,1
34,9
34,8
34,1
